+1.55171307E-006
-6.98736653E+000
+1.55181307E-006
-3.54102732E+001
+1.55161307E-006
-2.85016128E+001
+1.55191307E-006
-5.42225218E+001
+1.55151307E-006
-4.86282956E+001
+1.55201307E-006
-5.34194278E+001
+1.55141307E-006
-5.37515090E+001
+1.55211307E-006
-5.23589615E+001
+1.55131307E-006
-5.48042144E+001
+1.55221307E-006
-5.51835757E+001
+1.55121307E-006
-5.50867865E+001
+1.55231307E-006
-5.48957460E+001
+1.55111307E-006
-5.52514016E+001
+1.55241307E-006
-5.31770733E+001
+1.55101307E-006
-5.50397277E+001
+1.55251307E-006
'-5.50964744E+001
+1.55091307E-006
-5.53984820E+001
+1.55261307E-006
-5.48851256E+001
+1.55081307E-006
-5.47227958E+001